3639.92
9828.63
17909.92
28135.01
28771.22
50134.86
53293.37
74495.25
86413.35
89937.77
90548.46
100952.36
102220.32
107584.74
117825.70
125718.04
132787.46
134492.01
139057.42
144208.02
144749.57
152014.47
155903.18
163419.04
168208.56
175983.86
176802.35
178292.49
182656.71
185301.72
185951.75
187959.54
191087.32
199379.73
200193.11
203953.10
209793.23
211854.81
212703.88
215159.81
218266.02
219358.59
220265.15
222219.23
230638.16
232663.48
235688.79
236761.66
237571.58
263940.63
271838.00
272032.65
276241.60
283867.24
292376.37
295844.04
296933.27
297826.47
300518.85
304781.26
306367.88
306428.04
308890.44
314459.64
315575.06
318459.09
319618.44
320330.42
325884.63
327997.25
328246.79
330175.16
330335.28
339049.08
339941.42
344214.40
344233.04
346872.50
351373.19
352635.98
353311.18
355913.04
357486.14
358197.77
359077.30
359924.20
361717.98
363174.53
363312.89
366258.72
366968.13
369481.94
370284.39
370493.04
370676.15
372006.14
374775.90
374839.46
378502.53
382284.40
383945.91
384778.62
386097.39
386824.82
388171.68
389709.78
392020.76
392749.77
393440.30
394420.55
395119.43
397898.46
397922.24
397931.73
399318.48
399440.97
400060.12
400233.93
402880.98
404742.33
404984.58
406071.21
407764.00
408955.97
410506.61
411759.98
413339.70
413472.96
414286.47
417261.65
418707.69
418753.23
421392.76
421502.06
421654.49
421965.12
424520.75
424835.27
429064.89
431033.09
433157.27
433371.06
433488.58
433837.44
434223.45
434962.37
435474.71
436329.58
437132.36
437814.41
437897.32
438205.90
438560.81
438705.75
439854.10
440191.10
441347.86
441780.29
441964.60
442096.44
442162.17
444091.71
444252.02
444728.19
444875.50
445086.72
445180.28
445373.76
445476.68
445529.91
445671.68
445828.48
446015.16
446292.65
446361.12
446987.10
447004.19
447698.64
447797.21
447869.90
448093.01
448143.50
448264.26
449362.94
449937.39
449987.87
450648.93
450685.11
450735.59
450861.02
451000.91
451071.66
451187.44
451211.56
451398.09
451488.94
451537.98
451559.69
451667.43
451793.66
451829.03
451955.26
451968.93
452095.16
452131.34
453132.32
453432.21
