0,13349302.26,-1685217.74

0,13354063.61,-1680456.39

0,13494059.81,-1540460.19

0,13520558.63,-1513961.37

1,13557225.59,-1477294.41

1,13623783.90,-1410736.10
             1,13627120.21,-1407399.79

1,13642031.03,-1392488.97

2,13658812.54,-1375707.46

2,13737244.63,-1297275.37

2,13783491.08,-1251028.92

3,13839484.91,-1195035.09

3,13866654.24,-1167865.76

3,13896702.68,-1137817.32
3,13949986.50,-1084533.50

3,13959830.47,-1074689.53

4,13974405.23,-1060114.77

4,13981252.00,-1053268.00

4,13990683.55,-1043836.45

4,14005856.18,-1028663.82

4,14049919.32,-984600.68

5,14136981.67,-897538.33

5,14223954.50,-810565.50

6,14227274.60,-807245.40

6,14275125.91,-759394.09

6,14309665.27,-724854.73

6,14372401.27,-662118.73

6,14374477.09,-660042.91

7,14412514.20,-622005.80

7,14425044.40,-609475.60

7,14430115.46,-604404.54

7,14475512.14,-559007.86

8,14488501.43,-546018.57

8,14496732.86,-537787.14

8,14515248.00,-519272.00

8,14535228.70,-499291.30

8,14543680.21,-490839.79

8,14620096.86,-414423.14

9,14693574.97,-340945.03

10,14718835.31,-315684.69

10,14734180.93,-300339.07

10,14770369.55,-264150.45

10,14778566.75,-255953.25

11,14784266.32,-250253.68

11,14812168.40,-222351.60

11,14850203.53,-184316.47

12,14902626.43,-131893.57

12,14909130.18,-125389.82

12,14938124.98,-96395.02

13,14968790.50,-65729.50

14,14971378.73,-63141.27

15,14984418.67,-50101.33

15,14998108.00,-36412.00

15,15001689.79,-32830.21

15,15015064.56,-19455.44

16,15016538.53,-17981.47

16,15026618.06,-7901.94

16,15033677.12,-842.88

17,15038159.92,3639.92

17,15044348.63,9828.63

17,15052429.92,17909.92

18,15062655.01,28135.01

18,15063291.22,28771.22

18,15084654.86,50134.86

19,15087813.37,53293.37

19,15109015.25,74495.25

20,15120933.35,86413.35

21,15124457.77,89937.77

21,15125068.46,90548.46

21,15135472.36,100952.36

22,15136740.32,102220.32

22,15142104.74,107584.74

22,15152345.70,117825.70

23,15160238.04,125718.04

23,15167307.46,132787.46

24,15169012.01,134492.01

24,15173577.42,139057.42

24,15178728.02,144208.02

25,15179269.57,144749.57

25,15186534.47,152014.47

25,15190423.18,155903.18

26,15197939.04,163419.04

26,15202728.56,168208.56

26,15210503.86,175983.86

27,15211322.35,176802.35

27,15212812.49,178292.49

28,15217176.71,182656.71

28,15219821.72,185301.72

28,15220471.75,185951.75

29,15222479.54,187959.54

29,15225607.32,191087.32

29,15233899.73,199379.73

30,15234713.11,200193.11

30,15238473.10,203953.10

31,15244313.23,209793.23

31,15246374.81,211854.81

31,15247223.88,212703.88

31,15249679.81,215159.81

32,15252786.02,218266.02

32,15253878.59,219358.59

33,15254785.15,220265.15

33,15256739.23,222219.23

33,15265158.16,230638.16

34,15267183.48,232663.48

34,15270208.79,235688.79

34,15271281.66,236761.66

35,15272091.58,237571.58

35,15298460.63,263940.63

37,15306358.00,271838.00

38,15306552.65,272032.65

38,15310761.60,276241.60

39,15318387.24,283867.24

41,15326896.37,292376.37

41,15330364.04,295844.04

42,15331453.27,296933.27

42,15332346.47,297826.47

42,15335038.85,300518.85

44,15339301.26,304781.26

44,15340887.88,306367.88

45,15340948.04,306428.04

45,15343410.44,308890.44

45,15348979.64,314459.64

46,15350095.06,315575.06

47,15352979.09,318459.09

47,15354138.44,319618.44

48,15354850.42,320330.42

48,15360404.63,325884.63

48,15362517.25,327997.25

51,15362766.79,328246.79

51,15364695.16,330175.16

52,15364855.28,330335.28

52,15373569.08,339049.08

53,15374461.42,339941.42

53,15378734.40,344214.40

53,15378753.04,344233.04

54,15381392.50,346872.50

55,15385893.19,351373.19

56,15387155.98,352635.98

57,15387831.18,353311.18

57,15390433.04,355913.04

58,15392006.14,357486.14

58,15392717.77,358197.77

59,15393597.30,359077.30

59,15394444.20,359924.20

60,15396237.98,361717.98

60,15397694.53,363174.53

61,15397832.89,363312.89

62,15400778.72,366258.72

64,15401488.13,366968.13

64,15404001.94,369481.94

65,15404804.39,370284.39

67,15405013.04,370493.04

67,15405196.15,370676.15

67,15406526.14,372006.14

68,15409295.90,374775.90

70,15409359.46,374839.46

73,15413022.53,378502.53

73,15416804.40,382284.40

77,15418465.91,383945.91

77,15419298.62,384778.62

78,15420617.39,386097.39

79,15421344.82,386824.82

80,15422691.68,388171.68

80,15424229.78,389709.78

82,15426540.76,392020.76

84,15427269.77,392749.77

85,15427960.30,393440.30

85,15428940.55,394420.55

86,15429639.43,395119.43

86,15432418.46,397898.46

88,15432442.24,397922.24

89,15432451.73,397931.73

91,15433838.48,399318.48

91,15433960.97,399440.97

92,15434580.12,400060.12

93,15434753.93,400233.93

93,15437400.98,402880.98

95,15439262.33,404742.33

97,15439504.58,404984.58

98,15440591.21,406071.21

101,15442284.00,407764.00

105,15443475.97,408955.97

106,15445026.61,410506.61

109,15446279.98,411759.98

111,15447859.70,413339.70

111,15447992.96,413472.96

114,15448806.47,414286.47

117,15451781.65,417261.65

123,15453227.69,418707.69

126,15453273.23,418753.23

128,15455912.76,421392.76

136,15456022.06,421502.06

136,15456174.49,421654.49

138,15456485.12,421965.12

139,15459040.75,424520.75

139,15459355.27,424835.27

142,15463584.89,429064.89

143,15465553.09,431033.09

153,15467677.27,433157.27

156,15467891.06,433371.06

158,15468008.58,433488.58

162,15468357.44,433837.44

164,15468743.45,434223.45

165,15469482.37,434962.37

173,15469994.71,435474.71

174,15470849.58,436329.58

175,15471652.36,437132.36

177,15472334.41,437814.41

177,15472417.32,437897.32

177,15472725.90,438205.90

182,15473080.81,438560.81

183,15473225.75,438705.75

183,15474374.10,439854.10

186,15474711.10,440191.10

194,15475867.86,441347.86

227,15476300.29,441780.29

231,15476484.60,441964.60

232,15476616.44,442096.44

232,15476682.17,442162.17

233,15478611.71,444091.71

275,15478772.02,444252.02

294,15479248.19,444728.19

298,15479395.50,444875.50

302,15479606.72,445086.72

304,15479700.28,445180.28

312,15479893.76,445373.76

325,15479996.68,445476.68

327,15480049.91,445529.91

329,15480191.68,445671.68

331,15480348.48,445828.48

336,15480535.16,446015.16

337,15480812.65,446292.65

341,15480881.12,446361.12

352,15481507.10,446987.10

386,15481524.19,447004.19

390,15482218.64,447698.64

395,15482317.21,447797.21

404,15482389.90,447869.90

412,15482613.01,448093.01

421,15482663.50,448143.50

428,15482784.26,448264.26

440,15483882.94,449362.94

444,15484457.39,449937.39

447,15484507.87,449987.87

538,15485168.93,450648.93

544,15485205.11,450685.11

551,15485255.59,450735.59

568,15485381.02,450861.02

621,15485520.91,451000.91

638,15485591.66,451071.66

655,15485707.44,451187.44

684,15485731.56,451211.56

694,15485918.09,451398.09

736,15486008.94,451488.94

741,15486057.98,451537.98

761,15486079.69,451559.69

794,15486187.43,451667.43

842,15486313.66,451793.66

852,15486349.03,451829.03

1048,15486475.26,451955.26

1060,15486488.93,451968.93

1171,15486615.16,452095.16

1280,15486651.34,452131.34

1442,15487652.32,453132.32

1520,15487952.21,453432.21

1615,15488019.74,453499.74

1631,15488230.39,453710.39

2034,15488256.92,453736.92


# mkbabb @ fff-c in ~/Documents/PycharmProjects/erate_analysis on git:master x [18:27:

# mkbabb @ fff-c in ~/Documents/PycharmProjects/erate_analysis on git:mas

# mkbabb @ fff-c in ~/Documents/PycharmProjects/erate_analysis on git:mas
ter x [22:02:52] 
$ 